0.326684633294082,0.0627849792971779,0.146534507575777,0.184172796026542,0.0708336025173309,0.104113328583661,0.0261937049790985,0.0786824477263309
0.281351439427546,0.0936649899603541,0.124881077164039,0.142871554229354,0.147450027511222,0.0473949637428848,0.125511595541598,0.036874352423002
0.336089072975854,0.0556871185391953,0.184755859012312,0.187453599258746,0.116171337425456,0.0489114735742537,0.0274723633630181,0.0434591758511639
0.332236677739898,0.0388083077697204,0.189432729762259,0.160576196104646,0.0793069194713908,0.0924567364783247,0.0129140640877216,0.0942683685860401
0.264249260400811,0.102129666172188,0.125676536875159,0.143887398306063,0.162917199240514,0.0349421759272954,0.145391489360984,0.0208062737169867
0.276012099270782,0.1354449084592,0.162862706214086,0.144462847609614,0.0870920428187979,0.0689018123775661,0.0988935072193372,0.0263300760306166
0.403699669658786,0.117218742957227,0.163836574409397,0.142992835915219,0.0881551481828414,0.030215289706388,0.0514360649412398,0.00244567422890173
0.292788780189835,0.0750348561745219,0.194723699908503,0.146340720650932,0.133980640134816,0.0307283580140197,0.0905376467367191,0.0358652981906533
0.353027895049863,0.0821586453801704,0.12566814527007,0.184604111955868,0.0921420699071036,0.0665809377346826,0.0785179531592339,0.0173002415430086
0.272267928873962,0.0419397021704445,0.132686288707132,0.169916341738553,0.148848356540303,0.0904397484053841,0.0757799197054222,0.0681217138587993
0.332788748179342,0.0802825517253501,0.0790830290674474,0.15676303719466,0.152751909809411,0.0515587898905108,0.123898748226925,0.022873185906354
0.348652907149358,0.0653231936129784,0.125354956908305,0.194986036033458,0.102982857081146,0.0759985816086961,0.0547552285583562,0.0319462390477019
0.297625448524756,0.0367101931200869,0.13577737688758,0.217478877420996,0.118948640839731,0.0893969968926929,0.0452391431367081,0.0588233231774488
0.328824423490966,0.114888067395151,0.171314526472634,0.110714815993977,0.118470984928921,0.0262927356876819,0.0989008981946936,0.0305935478359756
0.285573285681293,0.122944499529468,0.141575989694323,0.153216274195538,0.115168868999283,0.0823437836074417,0.0637826343168444,0.0353946639758087
0.308787194990958,0.0508157674701676,0.242329535436811,0.160774481495463,0.0851224391635203,0.0460909172598278,0.0321487868533625,0.0739308773298898
0.30266280943932,0.07692121643225,0.170403145384737,0.171693523613603,0.0801035251551965,0.091722057713697,0.0433102625046155,0.0631834597565807
0.294288502366427,0.0487993723995451,0.116187638753944,0.187501931063171,0.195335204314286,0.0415217259071547,0.0979485029254424,0.0184171222700301
0.310343189681704,0.0828803815364468,0.0812554455816519,0.164151048297532,0.177989585140168,0.0492037536005317,0.117664839789333,0.0165117563726319
0.248847915628961,0.037014104976626,0.17884119889376,0.198625144033789,0.111011206497141,0.106067356894366,0.0224156612907308,0.0971774117846261
0.229075171540929,0.128941227572484,0.2056406132591,0.14620879695483,0.165310823952587,0.0055322394670058,0.0974144437998342,0.02187668345323
0.3688670467498,0.0729848220300155,0.132692062604449,0.128706691752573,0.135361296237556,0.0392417037902545,0.075507581168071,0.0466387956672803
0.291689962854818,0.0400697154209602,0.148370770971267,0.22911884435394,0.0382780727590567,0.153808168568987,0.00770303752284048,0.0909614275481305
0.293209139375632,0.0432830871985832,0.1943522401702,0.197421828406535,0.0628418420412621,0.0997152898256379,0.0129616240502047,0.0962149489319446
0.266042165614687,0.111465042521183,0.18136725054534,0.201411677494081,0.125414839710874,0.0259117059986778,0.0735808085361554,0.0148065095790021
0.260368896118488,0.0726525321328154,0.145328391378259,0.223757605893833,0.157525527955643,0.0537530655654947,0.0486762955091247,0.0379376854463421
0.290714352180049,0.10466144691422,0.104610291015315,0.139093734541589,0.165363909161527,0.0616001364481794,0.081945932792494,0.0520101969466258
0.292481126773807,0.119418033621955,0.165522959059023,0.132758426333254,0.113444125071436,0.0576540136566791,0.0743242532869313,0.0443970621969151
0.392476212333195,0.100857301586236,0.0980365038134841,0.0989667268582101,0.170031797815534,0.000104342855508813,0.130606925155466,0.00892018958236606
0.379548539220696,0.0530831100899893,0.151451171903,0.167208794905712,0.0772593831239403,0.0794823137676795,0.0401967843971627,0.0517699025918214
0.283215817136157,0.110729279097311,0.130896198994468,0.124539531536923,0.120353963177575,0.0640432163528224,0.122846771915661,0.0433752217890818
0.334299687061778,0.0439978467296309,0.133147013945396,0.18263761883405,0.127110057066707,0.0862516932554724,0.031129947155283,0.0614261359516829
0.314240284282045,0.0451544828143075,0.155423888839133,0.180702188332638,0.0917816196040089,0.103197052194234,0.026865917158088,0.0826345667755451
0.289908056456244,0.05486493825659,0.164113386305234,0.153927447208308,0.0763251575126104,0.113134573776699,0.0437276657999829,0.103998774684331
0.34155152796602,0.0583344573760898,0.147443688759492,0.151932935984949,0.0946212869109805,0.0918668228614637,0.0380575013646254,0.0761917787763791
0.317175866667388,0.106013594292062,0.14128801206311,0.15452286670754,0.119651320494531,0.0368250652521413,0.119172656001462,0.00535061852176692
0.291404187852191,0.0914733579107145,0.151845999739672,0.157999169755617,0.165625688509509,0.0243270088371553,0.0929502764229528,0.0243743109721882
0.320950765238534,0.0593585208400407,0.142717785024538,0.179888677207581,0.0918721551436704,0.105365995859248,0.0253451780793937,0.0745009226069941
0.318893747664514,0.0667310213516476,0.138444292804246,0.162807861988612,0.0946677725706027,0.0926741779367258,0.0663100706684668,0.0594710550151845
0.366190347073184,0.119705281505687,0.192193613276934,0.146169342224424,0.0719336805473747,0.0324353112716183,0.0542290519866438,0.0171433721141347
0.250027818130383,0.0848606586823706,0.133861719710288,0.184773328136002,0.139099498792678,0.0973268794643366,0.0506885474045054,0.0593615496794369
0.286320817727879,0.09570017912871,0.167490836381822,0.145845667136417,0.113526381717472,0.05233060243358,0.0842194084766669,0.0545661069974534
0.280045916482915,0.0779401917803829,0.164924428605442,0.132173791927347,0.170404104766669,0.019121554491992,0.127146875072443,0.0282431368728097
0.26419749999355,0.0806158139120101,0.133722162982581,0.189214047907169,0.107427086891973,0.097926868495098,0.0842212383887251,0.0426752814288941
0.288843764003314,0.137584415078632,0.153380390323827,0.144908583957272,0.102954687310651,0.0662216068278341,0.0777391883843166,0.0283673641141537
0.301357429250866,0.0864543157070835,0.149692868053706,0.179884595473439,0.154743701152459,0.0220480848251041,0.0999040693574933,0.00591493617984795
0.296014803166763,0.0408694447883599,0.177944709895514,0.175072726767894,0.0733948112084297,0.118013050021836,0.0126998219394221,0.10599063221178
0.340967933602784,0.0599145280197705,0.163778882779968,0.177205518612356,0.0964304888889924,0.054458617339123,0.0642835820281379,0.0429604487288686
0.286110252835547,0.0615783603190525,0.149449619255704,0.162281175960273,0.129033095543974,0.0750227274518295,0.0799732967845369,0.0565514718490834
0.310704854910541,0.0968182905679527,0.131456178042228,0.153461384747229,0.0850115665004838,0.0912991001171405,0.0924987140206702,0.0387499110937545
0.276180260356494,0.0406890992411491,0.144168387855816,0.212397843531827,0.0794053766674757,0.12753022528027,0.0279785466622394,0.0916502604047283
0.264098895060316,0.0823352543599078,0.198646802980385,0.171246007670199,0.0755700024157276,0.0856678775568947,0.0673526925716013,0.055082467384969
0.299641755311734,0.0706478894144879,0.110878006665389,0.204182447733457,0.0855678138671281,0.112333497429906,0.0476305237856073,0.0691180657922909
0.239861810977608,0.0618427486282942,0.157007437145577,0.231181605644696,0.123490111716983,0.0933257704961771,0.035951334786333,0.0573391806043308
0.288578272290737,0.0368035530275177,0.15633318935229,0.214182319304146,0.0710250925176837,0.128899514546425,0.0224689734759574,0.0817090854852429
0.387309495469646,0.132870587681715,0.146325838747117,0.0951553197942535,0.0997041060526662,0.0208407993792066,0.106401516462966,0.0113923364124299
0.328360296059024,0.0235722175834897,0.14126658848102,0.192825311905081,0.107418342164675,0.107234917296392,0.00957408731457033,0.0897482391957469
0.228156066047377,0.1032562815053,0.138034758965615,0.197064848886336,0.140463671346877,0.0681038033161187,0.0928160513749236,0.0321045185574526
0.348909819547564,0.0753060644312788,0.15343482049565,0.120755274078434,0.110605082868495,0.0482252961834717,0.0850267912489462,0.0577368511461598
0.336869601138566,0.0702199795370878,0.149438380879198,0.162663457890388,0.118648903032022,0.0491474418355003,0.0771162578694553,0.0358959778177828
0.29659035151366,0.0428313065819966,0.131294606887501,0.186750535258852,0.142148640690659,0.0777304958085671,0.0604045572828183,0.0622495059759463
0.317559547968332,0.110009443834071,0.136595425949086,0.1544084310516,0.110033455754386,0.0515729096221747,0.102938689377381,0.0168820964429697
0.243421316232314,0.0594067122453713,0.151927866496966,0.210895192667969,0.0952800894162087,0.111252916165638,0.0664653184239962,0.0613505883515357
0.232727076137169,0.08185548056225,0.168842640881683,0.198382155325882,0.103755311455438,0.0955851588725516,0.0490795096498227,0.0697726671152035
0.298934073356568,0.0819006314376885,0.14158523186758,0.144583447925933,0.157016810720043,0.0482488244388546,0.0805846309392805,0.0471463493140515
0.401048391791401,0.0729042684823905,0.139527739204941,0.13559848041694,0.142916703527457,0.00653407237663759,0.087729666702129,0.0137406774981033
0.345395624556146,0.0828384466224452,0.181110038305437,0.118709887613115,0.0917801958933425,0.063314312767759,0.0560423765089766,0.0608091177327797
0.341730081284609,0.0677241596423016,0.151871477525457,0.207221506885178,0.115390889503978,0.0451313557610491,0.0482334858597663,0.0226970435376614
0.336164202018438,0.0116897165002951,0.156987762012596,0.199450982267089,0.0548344806598873,0.127021306088958,0.00329040095428105,0.110561149498456
0.26646764962715,0.0857316813466529,0.163260443107863,0.16665140140273,0.121756150323419,0.0685927816242768,0.0691675020801002,0.0583723904878079
0.364942841555161,0.0384563804978909,0.139433371886327,0.166044497122326,0.112745381931306,0.085736658931189,0.0143100419422122,0.0783308261335869
