0.104888617856782,0.180410909750106,0.325916246738038,0.0708666899205829,0.0631077873512754,0.0270521403623866,0.0775030361346585,0.15025457188617
0.0478919260287267,0.140221304183932,0.285044547691465,0.148821812168844,0.092454415148037,0.122247854931447,0.0349815692177747,0.128336570629774
0.0507111572823499,0.18322995481943,0.335447905636892,0.115427141887366,0.0557293871927817,0.0288164336966491,0.0416510642538124,0.188986955230719
0.094756554429751,0.159787364653794,0.330016312663092,0.0787308144963542,0.0393189292610511,0.0149811681371872,0.0908163442792371,0.191592512079533
0.035988646205574,0.139436173299916,0.265862487223697,0.163369302874578,0.100211640118789,0.144496291839457,0.019257156143346,0.131378302294642
0.0700535353277131,0.142568826843833,0.279577024069181,0.0869822240372568,0.134874080575147,0.0949866807909239,0.0244142718101264,0.166543356545819
0.0312132729396681,0.137511491839347,0.403379886164099,0.0890259200581272,0.112812780103254,0.0570012193557544,0.00192746962882162,0.167127959910929
0.0320416575734254,0.144316248673281,0.29502281343759,0.134413140628916,0.074250221351086,0.0869123938512792,0.0333973040376756,0.199646220446746
0.067378498362211,0.180320294680218,0.351505127621415,0.0924843980051942,0.0804450471963708,0.0850303536963925,0.0151423736689265,0.127693906769272
0.092056106846602,0.16484953052717,0.272808797162576,0.148019983787243,0.0421339750494744,0.0774026605609614,0.0659742804771001,0.136754665588873
0.0527351738199213,0.151067211315532,0.334446626564339,0.154270926964932,0.0784757462048652,0.124353529985471,0.021968106816031,0.0826826783289098
0.0784578224153221,0.192313655873615,0.352163199811037,0.101308695146073,0.0662964416980342,0.0520794614925065,0.0282638155202248,0.129116908043187
0.0908413740385699,0.214713650579734,0.300853438261667,0.119578859729061,0.0373804902882397,0.0422844133611635,0.0560983292334416,0.138249444508124
0.0278318131647317,0.106243102427954,0.330642948714167,0.11992475322163,0.11301693544897,0.0984510385072019,0.0287268043224386,0.175162604192907
0.0835916120015439,0.14813911137857,0.28631487456279,0.117075712379273,0.120262857671253,0.0660863458090251,0.0339331399980634,0.144596346199482
0.0467925597203863,0.157916564046372,0.308215567625574,0.0870776369769112,0.0491913015310399,0.0299098355502023,0.0722916227588934,0.248604911790622
0.0934296063758501,0.168827771476864,0.305062268259071,0.0798912304376705,0.0760059071267832,0.042700260648197,0.0603932690300293,0.173689686645534
0.0422759769675871,0.180937195203645,0.291333491805354,0.197250689898766,0.046927569275462,0.106404442012468,0.0161871590859313,0.118683475750787
0.0502203576725321,0.160921258352483,0.311123347648526,0.178651314211808,0.079594711658877,0.118692299090941,0.0150403137875333,0.0857563975772993
0.107705251039558,0.196573512018846,0.249993897307145,0.110620194246145,0.0391728030000965,0.0199247379401729,0.0935773319153054,0.182432272532732
0.00571289854743641,0.142766731861754,0.227607146713649,0.166891310494954,0.126698999936036,0.0994510078896436,0.0206257284242669,0.210246176132261
0.0399490499898339,0.123109964867828,0.37000331157431,0.13711669974374,0.0744239753996516,0.0752355987937571,0.0442498548509558,0.135911544779924
0.155503041757126,0.22813968879481,0.293253207333661,0.036397478575145,0.0401705041310757,0.00829501715556014,0.0865360589516584,0.151705003300964
0.100743028848761,0.196943140947886,0.292480666444085,0.061733243001949,0.0429443060283108,0.0148960398633915,0.0919483411782292,0.198311233687388
0.0273699823432914,0.198447290012665,0.264230389219293,0.127291004300531,0.112206105261431,0.0734572494584607,0.0125891058117754,0.184408873592552
0.0567115074570145,0.221020195005417,0.263004058781722,0.155514911401348,0.071177519972236,0.0464001511067195,0.037063323261456,0.149108333014087
0.0627902062243432,0.138812982760061,0.291126577380373,0.165782737655851,0.1041145358226,0.0787650663805935,0.0486244652990161,0.109983428477162
0.058933264654445,0.128489813349781,0.296219568070294,0.113992252592472,0.118413923957744,0.0712011157286719,0.0432874655623113,0.16946259608428
0.000122947426620404,0.0913983236642963,0.393771294194594,0.172217341362984,0.100896653964975,0.130384034869223,0.00854253568110417,0.102666868836202
0.0813598201761321,0.161906194356672,0.380868065445161,0.0767473389120334,0.0544611027991514,0.0398768521984639,0.0499139208134923,0.154866705298894
0.0651003859726956,0.123108535488033,0.281105489819636,0.120292583109016,0.11125771936086,0.126805057892422,0.0397010855812109,0.132629142776127
0.0887673914436074,0.179696711834737,0.334281719294895,0.125765390108005,0.0446134969296641,0.0310491120137745,0.0588220013954611,0.137004176979856
0.104886483772652,0.180475755463083,0.316385878211426,0.0898872092013616,0.0448723912301844,0.0246019170700346,0.0801194753042476,0.158770889747011
0.114783937304125,0.1517820775954,0.290079375508988,0.0750477909150306,0.0530628358189532,0.045869781081336,0.10117329088767,0.168200910888497
0.0943269759432062,0.148297732593461,0.344236263305076,0.0932077460322751,0.0575184740851315,0.0361861426090348,0.0747749342321409,0.151451731199674
0.0374294594728976,0.143631240040941,0.316001131373961,0.119416430383158,0.10533899804664,0.12682685861651,0.00496618891776856,0.146389693148123
0.0251540068995923,0.154527379635403,0.293627661719502,0.167626176596842,0.0892547148841161,0.091391417250134,0.0234715936132407,0.15494704940117
0.106474627994563,0.175825957855441,0.325941147680086,0.0915623791778817,0.062363757737947,0.021179834219626,0.0720218440177334,0.144630451316722
0.0937600508803295,0.156395338539799,0.31791234461646,0.0961152443292233,0.0679861602107216,0.0702496760689724,0.0572018549656029,0.140379330388891
0.033073476922452,0.140748509020106,0.373319498132747,0.072663437127895,0.11675045653578,0.0516823656925419,0.016413997510117,0.195348259058361
0.0991193349438715,0.183223247039699,0.249990437080443,0.139615829965951,0.0845252793446463,0.050402739186892,0.0558708758337922,0.137252256604705
0.0532005138325718,0.145500644150814,0.286122208779013,0.114932818164164,0.094693496335223,0.0832349193936345,0.0507958832899608,0.171519516054619
0.0199272058690569,0.128052626484852,0.274241513385671,0.173981709620298,0.0744509715415111,0.131519322026539,0.0267024040302211,0.17112424704185
0.100173025910949,0.184043427284535,0.264840657537846,0.10735609375385,0.0804016145972879,0.0855507130042931,0.0411445280225379,0.136489939888701
0.0679422408801048,0.143298766269831,0.28571043928248,0.105318044063248,0.134901210292778,0.0778218473412255,0.0269607535823786,0.158046698287955
0.0227280291417645,0.172374154167934,0.30144300630553,0.156764033869408,0.0858201368913579,0.102258787741314,0.00491213557621695,0.153699716306475
0.118880718711134,0.174029534081184,0.296618190561388,0.0726658983936228,0.0406300983591653,0.0129928595575336,0.102388352015611,0.181794348320361
0.0552929983153159,0.173772348466668,0.344686045587792,0.0973540253245723,0.0558899108870973,0.0653264261255657,0.0403179054895859,0.167360339803403
0.0765740877591683,0.160079885063654,0.285032929487666,0.129120988763797,0.0601302290253535,0.0819174968082635,0.0534033308015549,0.153741052290543
0.0932915438054138,0.152110291558703,0.315581360892113,0.0840202413290196,0.0964522149405656,0.0891931921605176,0.0361345778451439,0.133216577468523
0.129041424293161,0.207602982328019,0.278704262508941,0.0790435460061124,0.0410840127672575,0.029541396082228,0.0883878800094721,0.146594496004809
0.0868249355705566,0.166103724700506,0.265330760495752,0.0751894717728242,0.0826298989732696,0.0688061380236468,0.0526447586740138,0.202470311789432
0.113856769724708,0.203480271999145,0.300781301611131,0.0856185096130538,0.0706418199328909,0.0478708896281805,0.0651939280433248,0.112556509447567
0.0955463871782293,0.231828758274802,0.240115583154487,0.122698297157168,0.0628104661899958,0.0335961568032092,0.0529501642102082,0.160454187031901
0.130152007844731,0.21156528667581,0.288768042104447,0.0695074460021319,0.0365391515582863,0.0216689153352006,0.08007464029309,0.161724510186303
0.0217639876256395,0.0897160606153922,0.389041431656565,0.0997644586648494,0.132783071253167,0.108808735224198,0.0095070923944805,0.148615162565709
0.108450947165953,0.191819902919633,0.326834838220268,0.108012753806233,0.0237582839886869,0.0103005243334286,0.0873240050118971,0.143498744553901
0.0693542203951696,0.198368176454334,0.226708384764745,0.139143916052036,0.103590979941423,0.0893108671436551,0.0293097076389914,0.144213747609647
0.0485449790451101,0.118626506913739,0.345835039468299,0.112581712503048,0.0747284086859878,0.0884383279269109,0.0545336222461613,0.156711403210744
0.049947470682545,0.159431722160841,0.337419719486257,0.118823848164727,0.0684040387168777,0.0781226301828641,0.0330551850717063,0.154795385534182
0.0797989241325085,0.184685219104311,0.29731539987779,0.141438338764702,0.0428066538746508,0.0589374055609998,0.0609842699825437,0.134033788702494
0.0522071731716221,0.15099033918194,0.32012045389627,0.109332657731776,0.108629902933891,0.10074878741926,0.0158327318863175,0.142137953778923
0.113007910233849,0.208136138173976,0.241810655202668,0.0941147819017933,0.0595567353494362,0.0677180570067265,0.0596628024405109,0.155992919691041
0.0978276048288517,0.195092877719402,0.233847462511606,0.102182323421962,0.0822692008682283,0.0475042721266202,0.0671637147605351,0.174112543762794
0.0490024449991133,0.143195717026583,0.298829213274887,0.15781796532837,0.0817780562957754,0.0794368850649518,0.0453542644948133,0.144585453515506
0.00688061057278087,0.125247868211708,0.395087878707868,0.146053140996085,0.0712876142508717,0.0993180093160042,0.0119222583608282,0.144202619583854
0.0640757930132301,0.11611708216033,0.344129918573277,0.0916003328843941,0.0826838598421382,0.0573612204025907,0.0588563255634424,0.185175467560597
0.0465492730707998,0.200320164428939,0.340422261293674,0.116435443134534,0.0652189905125278,0.0554855084743461,0.0212262856524259,0.154342073432753
0.128823002369303,0.196848803343025,0.336396831782315,0.0538126927037338,0.0111705444421332,0.00427906350487587,0.107612607063467,0.161056454791147
0.0700865869425837,0.163998115350215,0.266495324150248,0.121181049030076,0.0845358796540919,0.0704683167715217,0.0560180841556413,0.167216643945621
0.0866927063520066,0.164857270838601,0.363534929437634,0.112343987292301,0.0376082989501405,0.0146124295395354,0.0760296327436347,0.144320744846147
